4103992480
4103908277
4103909454
4103903088
4103992018
4103909355
4103996363
4103994371
4103904690
4103994366
4103997496
4103995269
4103991135
4103996050
4103990644
4103996631
4103999216
4103909921
4103905476
4103995070
4103999578
4103904545
4103990303
4103908916
4103993299
4103996129
4103900681
4103990400
4103996192
4103993093
4103909077
4103997878
4103993273
4103994046
4103901842
4103996248
4103995526
4103901728
4103998890
4103996210
4103994996
4103998088
4103902666
4103998133
4103993283
4103907110
4103990296
4103907671
4103996053
4103909977
4103900503
4103903462
4103997992
4103998037
4103903083
4103904436
4103991949
4103907179
4103995348
4103997545
4103904284
4103995067
4103998801
4103908227
4103906420
4103990222
4103904135
4103998455
4103903350
4103908714
4103999575
4103997585
4103904054
4103990906
4103990753
4103908456
4103995791
4103997695
4103998646
4103991138
4103998819
4103993156
4103900473
4103908202
4103997824
4103999284
4103996668
4103993482
4103999320
4103992000
4103993788
4103990550
4103997094
4103907569
4103997263
4103994535
4103996868
4103992010
4103997706
4103995677
4103992053
4103905497
4103990528
4103908222
4103997963
4103901252
4103997602
4103907298
4103994314
4103902686
4103904361
4103903303
4103999458
4103994790
4103901978
4103998532
4103994982
4103992769
4103997768
4103903196
4103903033
4103999025
4103904335
4103997517
4103909446
4103905013
4103909655
4103994620
4103995848
4103903037
4103995792
4103998937
4103993638
4103905750
4103997659
4103909010
4103995987
4103909043
4103997951
4103999657
4103904308
4103996414
4103907934
4103909588
4103902790
4103995496
4103997694
4103907160
4103995493
4103993589
4103991662
4103993855
4103992969
4103905087
4103902394
4103995694
4103903591
4103900873
4103907518
4103999498
4103905868
4103996390
4103908780
4103991233
4103999653
4103994400
4103995134
4103902159
4103996564
4103905699
4103992853
4103997267
4103998003
4103990990
4103903427
4103992679
4103906506
4103900471
4103903085
4103905442
4103903021
4103996360
4103995538
4103992827
4103990844
4103900650
4103990411
4103903794
4103991516
4103909152
4103991420
4103995852
4103903028
4103905379
4103901114
4103903692
4103905373
4103900537
4103996147
4103991690
4103999018
4103901630
4103990059
4103903758
4103995395
4103903911
4103991771
4103991224
4103909149
4103991734
4103997950
4103901932
4103997254
4103996169
4103990327
4103902207
4103999315
4103900178
4103998717
4103999001
4103996081
4103907113
4103901730
4103990382
4103999809
4103902687
4103904062
4103999172
4103904647
4103903750
4103996250
4103904461
4103902197
4103993637
4103999286
4103904978
4103902610
4103904509
4103903690
4103905528
4103902481
4103992738
4103991220
4103995663
4103909378
4103903038
4103992559
4103994995
4103902925
4103908560
4103906577
4103901199
4103992795
4103990888
4103908707
4103993816
4103900116
4103901177
4103906588
4103997673
4103997400
4103993015
4103990004
4103991457
4103903732
4103909615
4103996935
4103991079
4103998586
4103909993
4103991209
4103903207
4103906986
4103902276
4103990961
4103997139
4103907040
4103990232
4103907546
4103909568
4103990504
4103993838
4103993190
4103901924
4103990159
4103991204
4103908885
4103901687
4103995376
4103904078
4103997634
4103997287
4103990071
4103908415
4103906628
4103907180
4103904339
4103992905
4103907441
4103906493
4103909660
4103992764
4103992058
4103992720
4103904358
4103998396
4103999444
4103993801
4103903682
4103998720
4103906774
4103999537
4103909403
4103902042
4103990187
4103992845
4103990840
4103995001
4103908002
4103903397
4103996311
4103907222
4103998138
4103998769
4103905505
4103901551
4103997938
4103995202
4103908499
4103992125
4103990717
4103991713
4103990507
4103999643
4103994051
4103994697
4103904347
4103994649
4103902348
4103903891
4103909608
4103993520
4103996848
4103991862
4103905067
4103993159
4103906681
4103901497
4103907695
4103995106
4103903141
4103993982
4103907315
4103902456
4103992325
4103906437
4103993068
4103992830
4103906766
4103999831
4103992497
4103904060
4103990582
4103905156
4103906352
4103901794
4103997175
4103900292
4103906167
4103992977
4103995818
4103907495
4103999704
4103905461
4103991211
4103995659
4103992723
4103994632
4103996423
4103907919
4103909208
4103902195
4103901801
4103907438
4103992896
4103902165
4103906322
4103908475
4103997860
4103907612
4103991053
4103901568
4103906097
4103903445
4103900190
4103900918
4103993620
4103906062
4103906855
4103999017
4103908279
4103999886
4103909293
4103907293
4103903009
4103905063
4103909509
4103909681
4103907018
4103992049
4103902200
4103999540
4103902536
4103906050
4103907583
4103909134
4103904986
4103990570
4103906682
4103900233
4103904888
4103909927
4103995975
4103908526
4103993645
4103909642
4103900092
4103901047
4103994275
4103906923
4103906407
4103904994
4103901019
4103999179
4103992484
4103903895
4103990552
4103901400
4103906532
4103908388
4103909996
4103903813
4103904277
4103999385
4103908933
4103993427
4103906184
4103992688
4103903760
4103904964
4103991094
4103907678
4103908331
4103992104
4103993709
4103997948
4103994662
4103905088
4103902804
4103904489
4103998782
4103901571
4103901233
4103998809
4103904589
4103991240
4103905112
4103907683
4103908101
4103900027
4103993428
4103909238
4103990938
4103901548
4103907422
4103907793
4103907132
4103992661
4103992847
4103997336
4103996849
4103994991
4103990652
4103995124
4103905194
4103908374
4103998847
4103906656
4103990325
4103904883
4103997579
4103904624
4103999531
4103995836
4103900508
4103995618
4103996735
4103998266
4103999223
4103909412
4103905925
4103905728
4103904985
4103991151
4103902811
4103904560
4103995747
4103903315
4103905158
4103996378
4103909197
4103909597
4103995534
4103995697
4103998185
4103908590
4103991594
4103999779
4103909580
4103903310
4103902680
4103999816
4103992244
4103907703
4103902163
4103995978
4103996193
4103907539
4103998277
4103903670
4103994557
4103904410
4103997294
4103994970
4103905027
4103904824
4103909747
4103992652
4103992263
4103902863
4103999453
4103995608
4103992952
4103904603
4103998158
4103909557
4103998413
4103905380
4103991628
4103905727
4103902946
4103905766
4103995341
4103907246
4103992674
4103908929
4103901493
4103906178
4103900277
4103908804
4103995288
4103991669
4103999289
4103902106
4103905508
4103902029
4103991459
4103998715
4103990441
4103906744
4103901160
4103999142
4103905883
4103907331
4103992242
4103900789
4103993613
4103906635
4103999245
4103908562
4103902976
4103996589
4103904790
4103907843
4103909770
4103900192
4103990972
4103909285
4103909490
4103904613
4103990355
4103998794
4103990038
4103991760
4103907508
4103999520
4103907633
4103905899
4103905565
4103995880
4103994359
4103903726
4103993465
4103997317
4103903836
4103992144
4103992794
4103991638
4103991363
4103998064
4103907182
4103993826
4103906567
4103990970
4103905146
4103903718
4103990664
4103991212
4103909436
4103906724
4103904447
4103901197
4103993001
4103992355
4103909322
4103994829
4103900819
4103998516
4103909706
4103900200
4103999762
4103991372
4103901259
4103996696
4103905633
4103907534
4103902144
4103997278
4103993204
4103907142
4103902784
4103905506
4103998262
4103904947
4103904450
4103906452
4103901144
4103991125
4103907747
4103908747
4103995585
4103997909
4103909721
4103903191
4103900311
4103901698
4103904879
4103901294
4103996355
4103999610
4103902938
4103998742
4103901888
4103906647
4103903206
4103997093
4103992267
4103993839
4103994523
4103994240
4103909349
4103993597
4103994688
4103997565
4103909592
4103993370
4103909161
4103998041
4103903335
4103902010
4103997917
4103904493
4103905199
4103901285
4103995587
4103998975
4103903878
4103908653
4103900252
4103991345
4103902893
4103909910
4103998640
4103992594
4103902731
4103995655
4103990480
4103900912
4103997578
4103991011
4103997920
4103906225
4103905526
4103900379
4103990869
4103907380
4103903411
4103997518
4103997760
4103908320
4103903179
4103999394
4103907120
4103996722
4103901146
4103997923
4103995450
4103994753
4103999761
4103995565
4103903954
4103905038
4103992678
4103993049
4103995208
4103996529
4103997042
4103900068
4103999721
4103996709
4103903672
4103902955
4103995284
4103992082
4103904218
4103995397
4103997551
4103900348
4103901732
4103906186
4103901030
4103999525
4103908739
4103904449
4103907326
4103906994
4103990723
4103997220
4103905113
4103998152
4103996490
4103997354
4103907875
4103906663
4103905391
4103901057
4103999777
4103904567
4103902267
4103990283
4103997925
4103902342
4103900330
4103900403
4103996094
4103909790
4103993485
4103903138
4103901123
4103998600
4103997850
4103996499
4103905383
4103903266
4103902060
4103994229
4103997214
4103995360
4103993897
4103994487
4103998752
4103994048
4103908311
4103907124
4103900902
4103902138
4103990943
4103905760
4103997914
4103901320
4103990273
4103994704
4103906572
4103997926
4103902140
4103995940
4103907452
4103902083
4103909940
4103908673
4103909736
4103900583
4103906039
4103996455
4103907505
4103900563
4103905473
4103900303
4103994392
4103996754
4103996033
4103997568
4103908517
4103904138
4103907371
4103998913
4103997318
4103999283
4103903696
4103992477
4103990317
4103909863
4103992981
4103903999
4103900224
4103906169
4103998686
4103903316
4103903467
4103995757
4103901577
4103997591
4103995359
4103992687
4103909552
4103905691
4103900793
4103908640
4103998286
4103907523
4103903905
4103906779
4103992142
4103997805
4103900197
4103998392
4103997979
4103991525
4103905605
4103997053
4103902879
4103997797
4103905907
4103990380
4103908260
4103903122
4103900892
4103990870
4103995562
4103994848
4103908501
4103902317
4103995201
4103902709
4103904405
4103901247
4103903675
4103903699
4103900217
4103903058
4103909976
4103996216
4103995095
4103907033
4103991708
4103991247
4103902911
4103994241
4103907943
4103909459
4103901111
4103905010
4103990082
4103907623
4103991645
4103903966
4103902008
4103997610
4103992492
4103903287
4103907131
4103901947
4103901926
4103998687
4103998700
4103904477
4103995601
4103993328
4103900072
4103991257
4103996208
4103901593
4103992526
4103995076
4103905110
4103901488
4103991020
4103993353
4103995434
4103997380
4103992011
4103993977
4103991674
4103997543
4103904746
4103999376
4103906347
4103996473
4103909804
4103991197
4103906838
4103996749
4103904851
4103906827
4103993955
4103993834
4103902089
4103907952
4103900940
4103996979
4103994500
4103909507
4103902922
4103993954
4103991555
4103999935
4103995251
4103901996
4103990106
4103992460
4103904383
4103903426
4103902787
4103999465
4103908997
4103907209
4103996451
4103994826
4103905751
4103996253
4103998029
4103993615
4103991774
4103994279
4103900460
4103997289
4103994899
4103905627
4103908037
4103995059
4103902002
4103909279
4103997886
4103907214
4103990412
4103900985
4103995529
4103990775
4103902270
4103907292
4103996497
4103901591
4103905595
4103992080
4103909236
4103991358
4103991844
4103992816
4103995514
4103996356
4103997771
4103908355
4103909647
4103907724
4103901216
4103902210
4103909462
4103999184
4103997614
4103908663
4103996367
4103901907
4103901098
4103903177
4103994459
4103996407
4103996424
4103998305
4103997969
4103906815
